[Averages]
ear = 0.27334746335793714
mar = 0.5633721013686075

